0	14	10
0.01	13.9941	10.0458
0.02	13.9765	10.0832
0.03	13.9472	10.1121
0.04	13.9062	10.1325
0.05	13.8535	10.1445
0.06	13.7892	10.1479
0.07	13.7135	10.143
0.08	13.6264	10.1296
0.09	13.5282	10.1079
0.1	13.4189	10.078
0.11	13.2987	10.0399
0.12	13.1679	9.99382
0.13	13.0268	9.93982
0.14	12.8754	9.87808
0.15	12.7142	9.80876
0.16	12.5434	9.73204
0.17	12.3633	9.64811
0.18	12.1743	9.5572
0.19	11.9766	9.45952
0.2	11.7707	9.35531
0.21	11.5569	9.24485
0.22	11.3356	9.12839
0.23	11.1072	9.00621
0.24	10.8721	8.87863
0.25	10.6308	8.74593
0.26	10.3837	8.60845
0.27	10.1312	8.46652
0.28	9.87376	8.32049
0.29	9.61188	8.1707
0.3	9.34602	8.01752
0.31	9.07665	7.86133
0.32	8.80424	7.70252
0.33	8.52928	7.54147
0.34	8.25224	7.37858
0.35	7.97361	7.21427
0.36	7.69386	7.04895
0.37	7.41346	6.88304
0.38	7.1329	6.71697
0.39	6.85263	6.55118
0.4	6.57311	6.38611
0.41	6.29479	6.22221
0.42	6.0181	6.05992
0.43	5.74347	5.8997
0.44	5.4713	5.74202
0.45	5.20199	5.58733
0.46	4.93589	5.4361
0.47	4.67337	5.28881
0.48	4.41474	5.14593
0.49	4.1603	5.00793
0.5	3.91032	4.87531
0.51	3.66502	4.74853
0.52	3.42462	4.6281
0.53	3.18926	4.51448
0.54	2.95905	4.40817
0.55	2.73407	4.30964
0.56	2.51433	4.21939
0.57	2.2998	4.13787
0.58	2.09038	4.06557
0.59	1.88591	4.00291
0.6	1.6862	3.95034
0.61	1.49096	3.90826
0.62	1.29986	3.87705
0.63	1.11251	3.85704
0.64	0.928479	3.84853
0.65	0.747278	3.85176
0.66	0.568389	3.86692
0.67	0.391271	3.89412
0.68	0.21537	3.93343
0.69	0.0401328	3.98484
0.7	-0.134981	4.04828
0.71	-0.310489	4.12359
0.72	-0.486874	4.21061
0.73	-0.664579	4.30906
0.74	-0.843998	4.41866
0.75	-1.02548	4.53906
0.76	-1.20931	4.66989
0.77	-1.39573	4.81074
0.78	-1.58493	4.96118
0.79	-1.77704	5.12074
0.8	-1.97215	5.28895
0.81	-2.17031	5.46533
0.82	-2.37149	5.64936
0.83	-2.57568	5.84053
0.84	-2.78278	6.03832
0.85	-2.99268	6.2422
0.86	-3.20524	6.45163
0.87	-3.42028	6.66606
0.88	-3.63762	6.88496
0.89	-3.85702	7.10777
0.9	-4.07824	7.33394
0.91	-4.30103	7.56292
0.92	-4.5251	7.79417
0.93	-4.75016	8.02712
0.94	-4.9759	8.26123
0.95	-5.20201	8.49595
0.96	-5.42816	8.73074
0.97	-5.65401	8.96505
0.98	-5.87922	9.19834
0.99	-6.10345	9.43009
1	-6.32633	9.65978
1.01	-6.54752	9.88687
1.02	-6.76666	10.1109
1.03	-6.98339	10.3313
1.04	-7.19735	10.5476
1.05	-7.40819	10.7593
1.06	-7.61556	10.966
1.07	-7.8191	11.1672
1.08	-8.01848	11.3624
1.09	-8.21335	11.5513
1.1	-8.40339	11.7333
1.11	-8.58826	11.9081
1.12	-8.76766	12.0754
1.13	-8.94127	12.2347
1.14	-9.10881	12.3856
1.15	-9.26997	12.5279
1.16	-9.4245	12.6613
1.17	-9.57212	12.7853
1.18	-9.71258	12.8998
1.19	-9.84564	13.0045
1.2	-9.97109	13.0991
1.21	-10.0887	13.1834
1.22	-10.1983	13.2573
1.23	-10.2997	13.3205
1.24	-10.3928	13.3728
1.25	-10.4773	13.4142
1.26	-10.5532	13.4446
1.27	-10.6203	13.4638
1.28	-10.6786	13.4718
1.29	-10.7279	13.4685
1.3	-10.7682	13.4539
1.31	-10.7996	13.428
1.32	-10.8218	13.3908
1.33	-10.835	13.3425
1.34	-10.8391	13.2829
1.35	-10.8342	13.2124
1.36	-10.8203	13.1308
1.37	-10.7975	13.0384
1.38	-10.7658	12.9354
1.39	-10.7254	12.8218
1.4	-10.6764	12.698
1.41	-10.6189	12.564
1.42	-10.5531	12.4202
1.43	-10.4791	12.2669
1.44	-10.3972	12.1041
1.45	-10.3075	11.9324
1.46	-10.2102	11.7519
1.47	-10.1057	11.563
1.48	-9.99408	11.3661
1.49	-9.87571	11.1614
1.5	-9.75084	10.9494
1.51	-9.61978	10.7305
1.52	-9.48282	10.505
1.53	-9.3403	10.2733
1.54	-9.19255	10.0358
1.55	-9.03993	9.79306
1.56	-8.8828	9.54541
1.57	-8.72153	9.29331
1.58	-8.5565	9.03721
1.59	-8.38811	8.77755
1.6	-8.21676	8.5148
1.61	-8.04287	8.24941
1.62	-7.86685	7.98184
1.63	-7.68914	7.71256
1.64	-7.51017	7.44201
1.65	-7.33039	7.17066
1.66	-7.15025	6.89894
1.67	-6.97019	6.62732
1.68	-6.7907	6.35622
1.69	-6.61222	6.08608
1.7	-6.43523	5.81731
1.71	-6.26022	5.55031
1.72	-6.08764	5.28548
1.73	-5.91799	5.02319
1.74	-5.75176	4.7638
1.75	-5.58942	4.50763
1.76	-5.43148	4.255
1.77	-5.27841	4.00619
1.78	-5.13072	3.76146
1.79	-4.9889	3.52102
1.8	-4.85344	3.28508
1.81	-4.72484	3.05377
1.82	-4.60358	2.8272
1.83	-4.49016	2.60545
1.84	-4.38506	2.38851
1.85	-4.28874	2.17636
1.86	-4.20169	1.96891
1.87	-4.12434	1.766
1.88	-4.05712	1.56742
1.89	-4.00045	1.37291
1.9	-3.95469	1.18214
1.91	-3.92017	0.994737
1.92	-3.8972	0.810255
1.93	-3.88601	0.628221
1.94	-3.88678	0.44812
1.95	-3.89965	0.269412
1.96	-3.92466	0.0915435
1.97	-3.96181	-0.0860406
1.98	-4.01103	-0.263885
1.99	-4.07218	-0.442512
2	-4.14507	-0.622411
2.01	-4.22943	-0.804031
2.02	-4.32498	-0.987774
2.03	-4.43138	-1.17399
2.04	-4.54825	-1.36297
2.05	-4.67517	-1.55497
2.06	-4.81172	-1.75016
2.07	-4.95744	-1.94869
2.08	-5.11186	-2.15063
2.09	-5.27449	-2.35602
2.1	-5.44483	-2.56485
2.11	-5.62238	-2.77708
2.12	-5.8066	-2.9926
2.13	-5.997	-3.2113
2.14	-6.19303	-3.43301
2.15	-6.39417	-3.65755
2.16	-6.59987	-3.88471
2.17	-6.80962	-4.11424
2.18	-7.02286	-4.34588
2.19	-7.23907	-4.57935
2.2	-7.4577	-4.81436
2.21	-7.67821	-5.05058
2.22	-7.90008	-5.28769
2.23	-8.12277	-5.52535
2.24	-8.34575	-5.7632
2.25	-8.5685	-6.0009
2.26	-8.7905	-6.23806
2.27	-9.01122	-6.47432
2.28	-9.23016	-6.70931
2.29	-9.44683	-6.94263
2.3	-9.66071	-7.17391
2.31	-9.87133	-7.40277
2.32	-10.0782	-7.62883
2.33	-10.2809	-7.85169
2.34	-10.4789	-8.07099
2.35	-10.6718	-8.28636
2.36	-10.8591	-8.49742
2.37	-11.0405	-8.70381
2.38	-11.2155	-8.90517
2.39	-11.3838	-9.10116
2.4	-11.5449	-9.29144
2.41	-11.6984	-9.47568
2.42	-11.8442	-9.65355
2.43	-11.9817	-9.82475
2.44	-12.1108	-9.98899
2.45	-12.231	-10.146
2.46	-12.3422	-10.2954
2.47	-12.4441	-10.4371
2.48	-12.5364	-10.5708
2.49	-12.6189	-10.6962
2.5	-12.6915	-10.8132
2.51	-12.7539	-10.9215
2.52	-12.806	-11.0209
2.53	-12.8476	-11.1114
2.54	-12.8786	-11.1928
2.55	-12.899	-11.2648
2.56	-12.9087	-11.3275
2.57	-12.9076	-11.3808
2.58	-12.8957	-11.4245
2.59	-12.8729	-11.4586
2.6	-12.8394	-11.4831
2.61	-12.795	-11.498
2.62	-12.74	-11.5032
2.63	-12.6743	-11.4989
2.64	-12.5981	-11.4849
2.65	-12.5115	-11.4615
2.66	-12.4146	-11.4287
2.67	-12.3076	-11.3866
2.68	-12.1907	-11.3353
2.69	-12.064	-11.2749
2.7	-11.9278	-11.2056
2.71	-11.7824	-11.1277
2.72	-11.6279	-11.0412
2.73	-11.4646	-10.9464
2.74	-11.2929	-10.8435
2.75	-11.1131	-10.7327
2.76	-10.9254	-10.6145
2.77	-10.7302	-10.4889
2.78	-10.5278	-10.3563
2.79	-10.3187	-10.217
2.8	-10.1031	-10.0714
2.81	-9.88146	-9.91975
2.82	-9.65419	-9.76244
2.83	-9.42167	-9.59982
2.84	-9.18433	-9.43228
2.85	-8.94256	-9.2602
2.86	-8.69681	-9.08399
2.87	-8.44749	-8.90405
2.88	-8.19505	-8.72082
2.89	-7.93991	-8.53473
2.9	-7.68251	-8.34621
2.91	-7.42329	-8.15571
2.92	-7.16269	-7.96369
2.93	-6.90114	-7.77062
2.94	-6.63907	-7.57695
2.95	-6.37689	-7.38318
2.96	-6.11504	-7.18978
2.97	-5.85391	-6.99723
2.98	-5.59391	-6.80603
2.99	-5.33541	-6.61667
3	-5.0788	-6.42964
3.01	-4.82443	-6.24545
3.02	-4.57263	-6.06459
3.03	-4.32373	-5.88758
3.04	-4.07801	-5.71491
3.05	-3.83576	-5.54709
3.06	-3.5972	-5.38463
3.07	-3.36256	-5.22803
3.08	-3.13201	-5.07779
3.09	-2.90569	-4.93442
3.1	-2.6837	-4.79841
3.11	-2.46611	-4.67027
3.12	-2.25291	-4.55046
3.13	-2.04408	-4.43948
3.14	-1.83953	-4.33779
3.15	-1.6391	-4.24583
3.16	-1.44258	-4.16403
3.17	-1.24973	-4.0928
3.18	-1.06021	-4.03251
3.19	-0.87365	-3.9835
3.2	-0.689625	-3.94605
3.21	-0.507661	-3.9204
3.22	-0.327248	-3.90675
3.23	-0.147848	-3.9052
3.24	0.0310913	-3.91582
3.25	0.210126	-3.93861
3.26	0.389805	-3.97348
3.27	0.570654	-4.02031
3.28	0.753168	-4.0789
3.29	0.937805	-4.14899
3.3	1.12497	-4.23028
3.31	1.31502	-4.32244
3.32	1.50826	-4.42509
3.33	1.70493	-4.53782
3.34	1.90522	-4.66019
3.35	2.10926	-4.79175
3.36	2.31714	-4.93203
3.37	2.52888	-5.08055
3.38	2.74447	-5.23681
3.39	2.96386	-5.40031
3.4	3.18694	-5.57055
3.41	3.41357	-5.747
3.42	3.64358	-5.92915
3.43	3.87678	-6.11649
3.44	4.11293	-6.30848
3.45	4.35178	-6.50461
3.46	4.59304	-6.70436
3.47	4.83641	-6.90719
3.48	5.08158	-7.1126
3.49	5.32822	-7.32005
3.5	5.57597	-7.52903
3.51	5.82447	-7.73903
3.52	6.07334	-7.94953
3.53	6.32221	-8.16003
3.54	6.57068	-8.37001
3.55	6.81837	-8.57899
3.56	7.06486	-8.78646
3.57	7.30975	-8.99195
3.58	7.55263	-9.19498
3.59	7.79311	-9.39507
3.6	8.03077	-9.59177
3.61	8.26521	-9.78461
3.62	8.49602	-9.97317
3.63	8.72281	-10.157
3.64	8.94519	-10.3357
3.65	9.16276	-10.5089
3.66	9.37516	-10.6761
3.67	9.582	-10.8369
3.68	9.78292	-10.9911
3.69	9.97758	-11.1383
3.7	10.1656	-11.2781
3.71	10.3467	-11.4101
3.72	10.5206	-11.5342
3.73	10.6869	-11.65
3.74	10.8453	-11.7572
3.75	10.9956	-11.8556
3.76	11.1375	-11.945
3.77	11.2708	-12.0251
3.78	11.3952	-12.0958
3.79	11.5106	-12.1568
3.8	11.6167	-12.208
3.81	11.7133	-12.2493
3.82	11.8003	-12.2806
3.83	11.8776	-12.3017
3.84	11.945	-12.3126
3.85	12.0025	-12.3132
3.86	12.0499	-12.3036
3.87	12.0872	-12.2836
3.88	12.1144	-12.2533
3.89	12.1314	-12.2127
3.9	12.1383	-12.1619
3.91	12.1349	-12.1009
3.92	12.1215	-12.0299
3.93	12.0981	-11.9488
3.94	12.0647	-11.858
3.95	12.0214	-11.7574
3.96	11.9683	-11.6473
3.97	11.9057	-11.5279
3.98	11.8336	-11.3993
3.99	11.7523	-11.2618
4	11.6619	-11.1156
4.01	11.5626	-10.961
4.02	11.4548	-10.7983
4.03	11.3386	-10.6276
4.04	11.2143	-10.4494
4.05	11.0822	-10.2639
4.06	10.9426	-10.0715
4.07	10.7959	-9.87244
4.08	10.6423	-9.66717
4.09	10.4823	-9.45601
4.1	10.3161	-9.23934
4.11	10.1442	-9.01753
4.12	9.96695	-8.79098
4.13	9.78478	-8.56007
4.14	9.59809	-8.32522
4.15	9.40731	-8.08682
4.16	9.21289	-7.84528
4.17	9.01527	-7.60101
4.18	8.81491	-7.35444
4.19	8.61227	-7.10597
4.2	8.40784	-6.85602
4.21	8.2021	-6.605
4.22	7.99552	-6.3533
4.23	7.78862	-6.10135
4.24	7.58188	-5.84952
4.25	7.37582	-5.59821
4.26	7.17093	-5.3478
4.27	6.96774	-5.09864
4.28	6.76675	-4.8511
4.29	6.56848	-4.60551
4.3	6.37345	-4.36218
4.31	6.18218	-4.12143
4.32	5.99518	-3.88352
4.33	5.81298	-3.64872
4.34	5.6361	-3.41725
4.35	5.46504	-3.18931
4.36	5.30033	-2.96508
4.37	5.14247	-2.74467
4.38	4.99196	-2.52819
4.39	4.84932	-2.31568
4.4	4.71502	-2.10716
4.41	4.58956	-1.90258
4.42	4.47339	-1.70185
4.43	4.36696	-1.50482
4.44	4.2707	-1.31129
4.45	4.18502	-1.121
4.46	4.11029	-0.933648
4.47	4.04683	-0.74885
4.48	3.99495	-0.56619
4.49	3.95487	-0.385201
4.5	3.92678	-0.205377
4.51	3.9108	-0.0261865
4.52	3.907	0.152923
4.53	3.91536	0.332509
4.54	3.93582	0.51312
4.55	3.96823	0.695288
4.56	4.0124	0.879514
4.57	4.06808	1.06626
4.58	4.13496	1.25594
4.59	4.21271	1.44891
4.6	4.30094	1.64549
4.61	4.39925	1.84592
4.62	4.5072	2.05039
4.63	4.62434	2.25904
4.64	4.7502	2.47194
4.65	4.8843	2.68913
4.66	5.02615	2.91058
4.67	5.17525	3.13623
4.68	5.33111	3.36596
4.69	5.49322	3.59964
4.7	5.66107	3.83709
4.71	5.83416	4.07807
4.72	6.01196	4.32236
4.73	6.19399	4.56967
4.74	6.37971	4.81972
4.75	6.56864	5.07218
4.76	6.76026	5.32672
4.77	6.95407	5.58298
4.78	7.14957	5.84059
4.79	7.34625	6.09918
4.8	7.54364	6.35834
4.81	7.74122	6.61768
4.82	7.93853	6.87677
4.83	8.13508	7.13521
4.84	8.3304	7.39256
4.85	8.52401	7.64841
4.86	8.71546	7.90231
4.87	8.9043	8.15384
4.88	9.09008	8.40258
4.89	9.27237	8.64808
4.9	9.45074	8.88993
4.91	9.62478	9.1277
4.92	9.79408	9.36098
4.93	9.95825	9.58936
4.94	10.1169	9.81243
4.95	10.2697	10.0298
4.96	10.4163	10.2411
4.97	10.5562	10.4459
4.98	10.6893	10.6439
4.99	10.8152	10.8348
5	10.9336	11.0181
5.01	11.0442	11.1935
5.02	11.1468	11.3609
5.03	11.2411	11.5198
5.04	11.3268	11.6699
5.05	11.4039	11.8111
5.06	11.472	11.943
5.07	11.5311	12.0655
5.08	11.5809	12.1783
5.09	11.6213	12.2813
5.1	11.6522	12.3742
5.11	11.6736	12.4569
5.12	11.6852	12.5293
5.13	11.6872	12.5913
5.14	11.6794	12.6428
5.15	11.6617	12.6836
5.16	11.6343	12.7138
5.17	11.5972	12.7334
5.18	11.5503	12.7423
5.19	11.4937	12.7405
5.2	11.4276	12.728
5.21	11.352	12.7051
5.22	11.267	12.6716
5.23	11.1727	12.6277
5.24	11.0694	12.5735
5.25	10.9571	12.5092
5.26	10.8361	12.435
5.27	10.7066	12.3509
5.28	10.5687	12.2573
5.29	10.4228	12.1542
5.3	10.269	12.0421
5.31	10.1077	11.9211
5.32	9.93915	11.7915
5.33	9.76358	11.6537
5.34	9.58132	11.5078
5.35	9.3927	11.3543
5.36	9.19805	11.1935
5.37	8.99769	11.0258
5.38	8.79199	10.8515
5.39	8.58129	10.6711
5.4	8.36597	10.4849
5.41	8.14639	10.2933
5.42	7.92292	10.0969
5.43	7.69596	9.89602
5.44	7.46589	9.69112
5.45	7.23308	9.48269
5.46	6.99794	9.27119
5.47	6.76086	9.05711
5.48	6.52222	8.84095
5.49	6.2824	8.6232
5.5	6.0418	8.40437
5.51	5.80078	8.18497
5.52	5.55973	7.96552
5.53	5.31901	7.74654
5.54	5.07897	7.52855
5.55	4.83995	7.31208
5.56	4.60229	7.09767
5.57	4.36631	6.88585
5.58	4.1323	6.67714
5.59	3.90055	6.47209
5.6	3.67132	6.27122
5.61	3.44486	6.07506
5.62	3.22136	5.88416
5.63	3.00103	5.69903
5.64	2.784	5.5202
5.65	2.57042	5.34818
5.66	2.36035	5.1835
5.67	2.15384	5.02664
5.68	1.95091	4.87812
5.69	1.75149	4.73841
5.7	1.5555	4.60798
5.71	1.36279	4.48728
5.72	1.17316	4.37674
5.73	0.986361	4.27677
5.74	0.802078	4.18772
5.75	0.619948	4.10994
5.76	0.439558	4.04371
5.77	0.260447	3.98928
5.78	0.0821158	3.94681
5.79	-0.0959655	3.91645
5.8	-0.274345	3.89824
5.81	-0.45358	3.89217
5.82	-0.634222	3.89819
5.83	-0.816804	3.91614
5.84	-1.00183	3.94583
5.85	-1.18978	3.98702
5.86	-1.38105	4.03939
5.87	-1.57604	4.1026
5.88	-1.77503	4.17628
5.89	-1.9783	4.26
5.9	-2.18603	4.35335
5.91	-2.39835	4.45586
5.92	-2.61535	4.56707
5.93	-2.83706	4.6865
5.94	-3.06345	4.81367
5.95	-3.29444	4.94808
5.96	-3.52993	5.08924
5.97	-3.76975	5.23666
5.98	-4.01371	5.38983
5.99	-4.26159	5.54827
6	-4.51313	5.71147
6.01	-4.76804	5.87894
6.02	-5.02601	6.05019
6.03	-5.2867	6.22472
6.04	-5.54977	6.40205
6.05	-5.81483	6.58168
6.06	-6.08151	6.76314
6.07	-6.3494	6.94595
6.08	-6.61808	7.12962
6.09	-6.88713	7.3137
6.1	-7.15611	7.4977
6.11	-7.4246	7.68119
6.12	-7.69213	7.86369
6.13	-7.95826	8.04476
6.14	-8.22255	8.22396
6.15	-8.48452	8.40085
6.16	-8.74374	8.57502
6.17	-8.99976	8.74604
6.18	-9.25212	8.91351
6.19	-9.50037	9.07703
6.2	-9.74409	9.23621
6.21	-9.98283	9.39068
6.22	-10.2162	9.54007
6.23	-10.4437	9.68403
6.24	-10.665	9.82223
6.25	-10.8797	9.95433
6.26	-11.0874	10.08
6.27	-11.2877	10.199
6.28	-11.4803	10.311
6.29	-11.6648	10.4158
6.3	-11.8409	10.513
6.31	-12.0083	10.6025
6.32	-12.1666	10.684
6.33	-12.3157	10.7573
6.34	-12.4551	10.8223
6.35	-12.5848	10.8788
6.36	-12.7044	10.9266
6.37	-12.8138	10.9656
6.38	-12.9128	10.9957
6.39	-13.0011	11.0167
6.4	-13.0787	11.0286
6.41	-13.1455	11.0314
6.42	-13.2013	11.025
6.43	-13.246	11.0093
6.44	-13.2796	10.9844
6.45	-13.3021	10.9503
6.46	-13.3134	10.907
6.47	-13.3135	10.8545
6.48	-13.3026	10.793
6.49	-13.2805	10.7225
6.5	-13.2475	10.6431
6.51	-13.2036	10.555
6.52	-13.1488	10.4583
6.53	-13.0835	10.353
6.54	-13.0076	10.2395
6.55	-12.9215	10.1179
6.56	-12.8252	9.98838
6.57	-12.7191	9.85117
6.58	-12.6034	9.7065
6.59	-12.4783	9.55463
6.6	-12.3441	9.3958
6.61	-12.2012	9.2303
6.62	-12.0498	9.05841
6.63	-11.8903	8.88041
6.64	-11.723	8.69663
6.65	-11.5484	8.50737
6.66	-11.3668	8.31295
6.67	-11.1785	8.11372
6.68	-10.9841	7.91001
6.69	-10.784	7.70217
6.7	-10.5786	7.49055
6.71	-10.3683	7.2755
6.72	-10.1537	7.05739
6.73	-9.93521	6.83658
6.74	-9.71331	6.61344
6.75	-9.48852	6.38832
6.76	-9.26134	6.1616
6.77	-9.03229	5.93363
6.78	-8.80189	5.70478
6.79	-8.57068	5.47539
6.8	-8.33917	5.24582
6.81	-8.10792	5.01641
6.82	-7.87746	4.78748
6.83	-7.64833	4.55937
6.84	-7.42109	4.33238
6.85	-7.19628	4.1068
6.86	-6.97445	3.88293
6.87	-6.75614	3.66101
6.88	-6.5419	3.4413
6.89	-6.33228	3.22401
6.9	-6.12782	3.00935
6.91	-5.92905	2.79749
6.92	-5.73652	2.58856
6.93	-5.55073	2.38268
6.94	-5.37223	2.17991
6.95	-5.20151	1.98031
6.96	-5.03908	1.78385
6.97	-4.88542	1.5905
6.98	-4.74101	1.40016
6.99	-4.6063	1.21267
7	-4.48171	1.02785
7.01	-4.36765	0.845437
7.02	-4.26449	0.66513
7.03	-4.17255	0.486571
7.04	-4.09213	0.309351
7.05	-4.02347	0.133017
7.06	-3.96674	-0.0429251
7.07	-3.92207	-0.218999
7.08	-3.88952	-0.395751
7.09	-3.86909	-0.573736
7.1	-3.86069	-0.753506
7.11	-3.8642	-0.935598
7.12	-3.87941	-1.12052
7.13	-3.90608	-1.30875
7.14	-3.94389	-1.50071
7.15	-3.99251	-1.69678
7.16	-4.05154	-1.89727
7.17	-4.12058	-2.10244
7.18	-4.19919	-2.3125
7.19	-4.28693	-2.52757
7.2	-4.38331	-2.74774
7.21	-4.48788	-2.97303
7.22	-4.60014	-3.20342
7.23	-4.71962	-3.43882
7.24	-4.84582	-3.67913
7.25	-4.97825	-3.92416
7.26	-5.11644	-4.17373
7.27	-5.25989	-4.42759
7.28	-5.40813	-4.68546
7.29	-5.56066	-4.94707
7.3	-5.71702	-5.21207
7.31	-5.87672	-5.48012
7.32	-6.0393	-5.75084
7.33	-6.20428	-6.02386
7.34	-6.3712	-6.29876
7.35	-6.5396	-6.57512
7.36	-6.70903	-6.85251
7.37	-6.87903	-7.13048
7.38	-7.04916	-7.40859
7.39	-7.21898	-7.68637
7.4	-7.38805	-7.96335
7.41	-7.55595	-8.23907
7.42	-7.72226	-8.51305
7.43	-7.88656	-8.78482
7.44	-8.04845	-9.0539
7.45	-8.20753	-9.31982
7.46	-8.36341	-9.58212
7.47	-8.51572	-9.84031
7.48	-8.66409	-10.094
7.49	-8.80816	-10.3426
7.5	-8.94757	-10.5857
7.51	-9.08201	-10.823
7.52	-9.21114	-11.054
7.53	-9.33465	-11.2782
7.54	-9.45224	-11.4952
7.55	-9.56363	-11.7048
7.56	-9.66855	-11.9064
7.57	-9.76675	-12.0997
7.58	-9.85797	-12.2843
7.59	-9.942	-12.46
7.6	-10.0186	-12.6265
7.61	-10.0876	-12.7833
7.62	-10.1489	-12.9303
7.63	-10.2021	-13.0671
7.64	-10.2473	-13.1936
7.65	-10.2843	-13.3095
7.66	-10.3129	-13.4146
7.67	-10.3331	-13.5087
7.68	-10.3448	-13.5917
7.69	-10.3479	-13.6634
7.7	-10.3423	-13.7238
7.71	-10.3282	-13.7727
7.72	-10.3053	-13.81
7.73	-10.2739	-13.8357
7.74	-10.2338	-13.8499
7.75	-10.1851	-13.8524
7.76	-10.1279	-13.8433
7.77	-10.0623	-13.8227
7.78	-9.98827	-13.7906
7.79	-9.90604	-13.7471
7.8	-9.81568	-13.6924
7.81	-9.71735	-13.6265
7.82	-9.61119	-13.5497
7.83	-9.49739	-13.4621
7.84	-9.37612	-13.3639
7.85	-9.24758	-13.2553
7.86	-9.112	-13.1367
7.87	-8.96959	-13.0082
7.88	-8.8206	-12.8701
7.89	-8.66527	-12.7228
7.9	-8.50387	-12.5666
7.91	-8.33668	-12.4019
7.92	-8.16397	-12.2289
7.93	-7.98603	-12.0481
7.94	-7.80318	-11.8599
7.95	-7.61571	-11.6647
7.96	-7.42395	-11.4628
7.97	-7.22821	-11.2549
7.98	-7.02882	-11.0413
7.99	-6.82611	-10.8224
8	-6.62042	-10.5989
8.01	-6.41209	-10.3711
8.02	-6.20145	-10.1395
8.03	-5.98884	-9.90478
8.04	-5.77461	-9.66734
8.05	-5.55907	-9.42773
8.06	-5.34258	-9.1865
8.07	-5.12546	-8.94418
8.08	-4.90803	-8.70133
8.09	-4.69061	-8.45849
8.1	-4.47351	-8.21623
8.11	-4.25702	-7.97511
8.12	-4.04144	-7.73567
8.13	-3.82703	-7.49849
8.14	-3.61406	-7.26413
8.15	-3.40277	-7.03315
8.16	-3.19338	-6.8061
8.17	-2.9861	-6.58355
8.18	-2.78111	-6.36604
8.19	-2.57855	-6.15413
8.2	-2.37857	-5.94835
8.21	-2.18125	-5.74925
8.22	-1.98666	-5.55735
8.23	-1.79483	-5.37317
8.24	-1.60574	-5.1972
8.25	-1.41934	-5.02996
8.26	-1.23553	-4.87189
8.27	-1.05416	-4.72347
8.28	-0.87503	-4.58512
8.29	-0.697898	-4.45724
8.3	-0.522459	-4.3402
8.31	-0.348362	-4.23434
8.32	-0.175203	-4.13993
8.33	-0.0025372	-4.05723
8.34	0.170124	-3.9864
8.35	0.3433	-3.92758
8.36	0.517532	-3.88082
8.37	0.693372	-3.84611
8.38	0.871373	-3.8234
8.39	1.05207	-3.81253
8.4	1.23599	-3.81331
8.41	1.42359	-3.82548
8.42	1.61532	-3.84875
8.43	1.81155	-3.88275
8.44	2.01261	-3.92712
8.45	2.21876	-3.98142
8.46	2.43021	-4.04523
8.47	2.64709	-4.1181
8.48	2.86948	-4.19955
8.49	3.09742	-4.28911
8.5	3.33086	-4.38631
8.51	3.56973	-4.49067
8.52	3.81391	-4.6017
8.53	4.06322	-4.71893
8.54	4.31745	-4.84187
8.55	4.57635	-4.97006
8.56	4.83964	-5.10302
8.57	5.10701	-5.24029
8.58	5.37813	-5.3814
8.59	5.65263	-5.52589
8.6	5.93012	-5.67331
8.61	6.2102	-5.82322
8.62	6.49245	-5.97516
8.63	6.77643	-6.12869
8.64	7.06169	-6.28338
8.65	7.34777	-6.43879
8.66	7.63419	-6.59452
8.67	7.92048	-6.75012
8.68	8.20614	-6.90521
8.69	8.4907	-7.05935
8.7	8.77366	-7.21217
8.71	9.05452	-7.36326
8.72	9.33279	-7.51225
8.73	9.60797	-7.65875
8.74	9.87957	-7.8024
8.75	10.1471	-7.94284
8.76	10.4101	-8.07973
8.77	10.6681	-8.21272
8.78	10.9206	-8.34149
8.79	11.1671	-8.46571
8.8	11.4073	-8.58509
8.81	11.6406	-8.69932
8.82	11.8666	-8.80813
8.83	12.085	-8.91125
8.84	12.2953	-9.00841
8.85	12.4972	-9.09937
8.86	12.6902	-9.18392
8.87	12.8741	-9.26182
8.88	13.0484	-9.33287
8.89	13.2129	-9.3969
8.9	13.3673	-9.45373
8.91	13.5113	-9.5032
8.92	13.6446	-9.54517
8.93	13.767	-9.57951
8.94	13.8783	-9.60613
8.95	13.9783	-9.62491
8.96	14.0669	-9.63579
8.97	14.1437	-9.63869
8.98	14.2089	-9.63359
8.99	14.2621	-9.62044
9	14.3034	-9.59924
9.01	14.3328	-9.56999
9.02	14.3501	-9.5327
9.03	14.3553	-9.48742
9.04	14.3485	-9.43419
9.05	14.3298	-9.37308
9.06	14.2991	-9.30417
9.07	14.2566	-9.22757
9.08	14.2024	-9.14338
9.09	14.1366	-9.05172
9.1	14.0593	-8.95276
9.11	13.9708	-8.84662
9.12	13.8713	-8.7335
9.13	13.761	-8.61357
9.14	13.64	-8.48702
9.15	13.5088	-8.35407
9.16	13.3676	-8.21492
9.17	13.2167	-8.06982
9.18	13.0564	-7.91901
9.19	12.8871	-7.76272
9.2	12.7092	-7.60124
9.21	12.523	-7.43481
9.22	12.329	-7.26373
9.23	12.1276	-7.08827
9.24	11.9191	-6.90873
9.25	11.7042	-6.7254
9.26	11.4831	-6.53859
9.27	11.2565	-6.34859
9.28	11.0248	-6.15573
9.29	10.7885	-5.9603
9.3	10.5481	-5.76262
9.31	10.3042	-5.56301
9.32	10.0573	-5.36177
9.33	9.80789	-5.15922
9.34	9.55658	-4.95565
9.35	9.30392	-4.75139
9.36	9.05046	-4.54671
9.37	8.79678	-4.34193
9.38	8.54343	-4.1373
9.39	8.291	-3.93312
9.4	8.04006	-3.72965
9.41	7.79118	-3.52713
9.42	7.54494	-3.3258
9.43	7.3019	-3.12589
9.44	7.06265	-2.92759
9.45	6.82775	-2.7311
9.46	6.59777	-2.53657
9.47	6.37325	-2.34414
9.48	6.15476	-2.15392
9.49	5.94284	-1.966
9.5	5.73801	-1.78043
9.51	5.54082	-1.59722
9.52	5.35175	-1.41635
9.53	5.17132	-1.23777
9.54	4.99999	-1.06135
9.55	4.83822	-0.886969
9.56	4.68645	-0.714412
9.57	4.54507	-0.543436
9.58	4.41446	-0.373744
9.59	4.29494	-0.204987
9.6	4.18681	-0.0367704
9.61	4.0903	0.131348
9.62	4.00559	0.299848
9.63	3.93281	0.469243
9.64	3.87202	0.640071
9.65	3.82321	0.81288
9.66	3.78632	0.988222
9.67	3.76119	1.16664
9.68	3.74764	1.34864
9.69	3.74541	1.53471
9.7	3.75419	1.7253
9.71	3.77364	1.92078
9.72	3.80336	2.12148
9.73	3.84293	2.32768
9.74	3.89193	2.53959
9.75	3.94989	2.75733
9.76	4.01635	2.98101
9.77	4.09083	3.21064
9.78	4.17287	3.44619
9.79	4.26198	3.68758
9.8	4.35769	3.93467
9.81	4.45954	4.1873
9.82	4.56704	4.44524
9.83	4.67974	4.70824
9.84	4.79719	4.976
9.85	4.91892	5.24821
9.86	5.04448	5.52451
9.87	5.17345	5.80452
9.88	5.30538	6.08786
9.89	5.43984	6.3741
9.9	5.5764	6.6628
9.91	5.71464	6.95352
9.92	5.85416	7.24577
9.93	5.99453	7.53909
9.94	6.13537	7.83299
9.95	6.27626	8.12696
9.96	6.41683	8.42051
9.97	6.55669	8.71313
9.98	6.69546	9.0043
9.99	6.83278	9.29351
10	6.96828	9.58025
10.01	7.1016	9.864
