14	0
13.995	0.05
13.98	0.1
13.9551	0.15
13.9203	0.2
13.8756	0.25
13.8213	0.3
13.7575	0.35
13.6842	0.4
13.6018	0.45
13.5103	0.5
13.4101	0.55
13.3013	0.6
13.1843	0.65
13.0594	0.7
12.9268	0.75
12.7868	0.8
12.6399	0.85
12.4864	0.9
12.3267	0.95
12.1612	1
11.9903	1.05
11.8144	1.1
11.6339	1.15
11.4494	1.2
11.2613	1.25
11.07	1.3
10.876	1.35
10.6799	1.4
10.482	1.45
10.2829	1.5
10.0832	1.55
9.8832	1.6
9.68352	1.65
9.48462	1.7
9.28702	1.75
9.09119	1.8
8.89764	1.85
8.70684	1.9
8.51928	1.95
8.33541	2
8.15571	2.05
7.98062	2.1
7.81057	2.15
7.646	2.2
7.48731	2.25
7.3349	2.3
7.18915	2.35
7.05043	2.4
6.91908	2.45
6.79543	2.5
6.67979	2.55
6.57245	2.6
6.47367	2.65
6.38371	2.7
6.30279	2.75
6.23111	2.8
6.16885	2.85
6.11617	2.9
6.07319	2.95
6.04003	3
6.01677	3.05
6.00346	3.1
6.00014	3.15
6.00682	3.2
6.02348	3.25
6.05008	3.3
6.08655	3.35
6.13281	3.4
6.18873	3.45
6.25417	3.5
6.32898	3.55
6.41297	3.6
6.50592	3.65
6.6076	3.7
6.71776	3.75
6.83613	3.8
6.9624	3.85
7.09627	3.9
7.2374	3.95
7.38542	4
7.53999	4.05
7.7007	4.1
7.86716	4.15
8.03896	4.2
8.21565	4.25
8.3968	4.3
8.58196	4.35
8.77067	4.4
8.96245	4.45
9.15682	4.5
9.35329	4.55
9.55139	4.6
9.7506	4.65
9.95044	4.7
10.1504	4.75
10.35	4.8
10.5487	4.85
10.746	4.9
10.9415	4.95
11.1346	5
11.3249	5.05
11.5119	5.1
11.6951	5.15
11.8741	5.2
12.0483	5.25
12.2175	5.3
12.3811	5.35
12.5388	5.4
12.6901	5.45
12.8347	5.5
12.9722	5.55
13.1023	5.6
13.2246	5.65
13.3389	5.7
13.4448	5.75
13.5421	5.8
13.6305	5.85
13.7099	5.9
13.78	5.95
13.8407	6
13.8917	6.05
13.9331	6.1
13.9646	6.15
13.9862	6.2
13.9978	6.25
13.9994	6.3
13.9911	6.35
13.9727	6.4
13.9445	6.45
13.9064	6.5
13.8585	6.55
13.8009	6.6
13.7339	6.65
13.6575	6.7
13.572	6.75
13.4776	6.8
13.3745	6.85
13.2629	6.9
13.1432	6.95
13.0156	7
12.8805	7.05
12.7382	7.1
12.589	7.15
12.4334	7.2
12.2717	7.25
12.1043	7.3
11.9317	7.35
11.7542	7.4
11.5723	7.45
11.3865	7.5
11.1973	7.55
11.005	7.6
10.8103	7.65
10.6135	7.7
10.4152	7.75
10.2158	7.8
10.0159	7.85
9.81599	7.9
9.61652	7.95
9.418	8
9.22094	8.05
9.02583	8.1
8.83315	8.15
8.64338	8.2
8.45701	8.25
8.27449	8.3
8.09629	8.35
7.92285	8.4
7.75459	8.45
7.59195	8.5
7.43533	8.55
7.28512	8.6
7.1417	8.65
7.00541	8.7
6.87662	8.75
6.75563	8.8
6.64275	8.85
6.53826	8.9
6.44242	8.95
6.35548	9
6.27765	9.05
6.20911	9.1
6.15006	9.15
6.10063	9.2
6.06094	9.25
6.0311	9.3
6.01118	9.35
6.00123	9.4
6.00127	9.45
6.01131	9.5
6.03132	9.55
6.06125	9.6
6.10102	9.65
6.15054	9.7
6.20968	9.75
6.27829	9.8
6.35621	9.85
6.44323	9.9
6.53915	9.95
6.64371	10
6.75667	10.05
6.87773	10.1
7.00659	10.15
7.14294	10.2
7.28642	10.25
7.43669	10.3
7.59337	10.35
7.75606	10.4
7.92436	10.45
8.09785	10.5
8.27609	10.55
8.45865	10.6
8.64505	10.65
8.83484	10.7
9.02754	10.75
9.22268	10.8
9.41976	10.85
9.61828	10.9
9.81776	10.95
10.0177	11
10.2176	11.05
10.4169	11.1
10.6152	11.15
10.812	11.2
11.0068	11.25
11.199	11.3
11.3882	11.35
11.574	11.4
11.7558	11.45
11.9332	11.5
12.1058	11.55
12.2732	11.6
12.4348	11.65
12.5904	11.7
12.7395	11.75
12.8817	11.8
13.0168	11.85
13.1443	11.9
13.2639	11.95
13.3754	12
13.4785	12.05
13.5728	12.1
13.6583	12.15
13.7345	12.2
13.8015	12.25
13.8589	12.3
13.9067	12.35
13.9448	12.4
13.9729	12.45
13.9912	12.5
13.9995	12.55
13.9977	12.6
13.986	12.65
13.9643	12.7
13.9328	12.75
13.8913	12.8
13.8402	12.85
13.7794	12.9
13.7093	12.95
13.6298	13
13.5413	13.05
13.4439	13.1
13.3379	13.15
13.2235	13.2
13.1011	13.25
12.971	13.3
12.8334	13.35
12.6888	13.4
12.5374	13.45
12.3797	13.5
12.216	13.55
12.0468	13.6
11.8725	13.65
11.6935	13.7
11.5103	13.75
11.3233	13.8
11.1329	13.85
10.9398	13.9
10.7443	13.95
10.547	14
10.3482	14.05
10.1486	14.1
9.94867	14.15
9.74884	14.2
9.54963	14.25
9.35155	14.3
9.15508	14.35
8.96073	14.4
8.76898	14.45
8.58031	14.5
8.39518	14.55
8.21406	14.6
8.03741	14.65
7.86567	14.7
7.69925	14.75
7.53859	14.8
7.38408	14.85
7.23611	14.9
7.09505	14.95
6.96125	15
6.83504	15.05
6.71675	15.1
6.60666	15.15
6.50505	15.2
6.41218	15.25
6.32828	15.3
6.25355	15.35
6.18819	15.4
6.13235	15.45
6.08619	15.5
6.0498	15.55
6.02329	15.6
6.00672	15.65
6.00013	15.7
6.00353	15.75
6.01693	15.8
6.04028	15.85
6.07353	15.9
6.11659	15.95
6.16936	16
6.23171	16.05
6.30347	16.1
6.38447	16.15
6.47451	16.2
6.57336	16.25
6.68078	16.3
6.79649	16.35
6.92021	16.4
7.05162	16.45
7.19041	16.5
7.33622	16.55
7.48869	16.6
7.64743	16.65
7.81205	16.7
7.98215	16.75
8.15728	16.8
8.33702	16.85
8.52092	16.9
8.70852	16.95
8.89934	17
9.09292	17.05
9.28876	17.1
9.48638	17.15
9.68528	17.2
9.88497	17.25
10.085	17.3
10.2847	17.35
10.4838	17.4
10.6816	17.45
10.8778	17.5
11.0717	17.55
11.263	17.6
11.4511	17.65
11.6356	17.7
11.816	17.75
11.9918	17.8
12.1627	17.85
12.3282	17.9
12.4878	17.95
12.6413	18
12.7881	18.05
12.928	18.1
13.0605	18.15
13.1854	18.2
13.3023	18.25
13.411	18.3
13.5112	18.35
13.6026	18.4
13.6849	18.45
13.7581	18.5
13.8219	18.55
13.8761	18.6
13.9206	18.65
13.9553	18.7
13.9802	18.75
13.9951	18.8
14	18.85
13.9949	18.9
13.9798	18.95
13.9548	19
13.9199	19.05
13.8752	19.1
13.8208	19.15
13.7569	19.2
13.6836	19.25
13.601	19.3
13.5095	19.35
13.4092	19.4
13.3003	19.45
13.1833	19.5
13.0582	19.55
12.9255	19.6
12.7856	19.65
12.6386	19.7
12.4851	19.75
12.3253	19.8
12.1597	19.85
11.9887	19.9
11.8128	19.95
11.6323	20
