12
12
11.999
11.997
11.994
11.99
11.985
11.979
11.972
11.9641
11.9551
11.9452
11.9342
11.9224
11.9095
11.8957
11.8809
11.8652
11.8485
11.8309
11.8124
11.793
11.7726
11.7514
11.7293
11.7063
11.6824
11.6577
11.6321
11.6058
11.5786
11.5505
11.5218
11.4922
11.4619
11.4308
11.399
11.3664
11.3332
11.2993
11.2647
11.2295
11.1937
11.1572
11.1201
11.0825
11.0443
11.0055
10.9663
10.9265
10.8862
10.8455
10.8044
10.7628
10.7208
10.6784
10.6357
10.5926
10.5493
10.5056
10.4616
10.4174
10.373
10.3283
10.2835
10.2385
10.1934
10.1481
10.1027
10.0573
10.0118
9.96631
9.9208
9.8753
9.82984
9.78444
9.73913
9.69393
9.64885
9.60393
9.55919
9.51464
9.47031
9.42623
9.38241
9.33888
9.29565
9.25276
9.21022
9.16805
9.12628
9.08493
9.04401
9.00354
8.96356
8.92407
8.88511
8.84668
8.80881
8.77151
8.73481
8.69873
8.66327
8.62847
8.59434
8.56089
8.52814
8.49612
8.46483
8.43429
8.40452
8.37553
8.34734
8.31996
8.29341
8.2677
8.24284
8.21885
8.19574
8.17352
8.1522
8.13179
8.11231
8.09376
8.07615
8.0595
8.04381
8.02909
8.01535
8.00259
7.99083
7.98006
7.9703
7.96155
7.95381
7.9471
7.9414
7.93674
7.9331
7.93049
7.92892
7.92838
7.92888
7.93041
7.93298
7.93658
7.94122
7.94689
7.95359
7.96131
7.97006
7.97983
7.99061
8.0024
8.0152
8.029
8.04378
8.05956
8.07631
8.09403
8.11272
8.13235
8.15293
8.17445
8.19688
8.22024
8.24449
8.26963
8.29565
8.32253
8.35027
8.37885
8.40825
8.43846
8.46947
8.50126
8.53381
8.56711
8.60115
8.6359
8.67135
8.70749
8.74428
8.78173
8.8198
8.85848
8.89775
8.93759
8.97799
9.01891
9.06035
9.10227
9.14467
9.18751
9.23079
9.27447
9.31853
9.36295
9.40772
9.45281
9.49819
9.54384
9.58975
9.63588
9.68222
9.72874
9.77542
9.82224
9.86917
9.91618
9.96327
10.0104
10.0575
10.1047
10.1518
10.1988
10.2458
10.2927
10.3395
10.3861
10.4325
10.4788
10.5248
10.5706
10.6161
10.6614
10.7063
10.7509
10.7952
10.839
10.8825
10.9256
10.9682
11.0104
11.052
11.0932
11.1338
11.1739
11.2135
11.2524
11.2907
11.3284
11.3655
11.4019
11.4376
11.4726
11.5069
11.5405
11.5733
11.6053
11.6366
11.667
11.6967
11.7255
11.7534
11.7805
11.8067
11.832
11.8564
11.8799
11.9025
11.9241
11.9448
11.9645
11.9833
12.001
12.0178
12.0336
12.0483
12.0621
12.0748
12.0865
12.0971
12.1067
12.1153
12.1228
12.1292
12.1346
12.139
12.1422
12.1444
12.1455
12.1456
12.1445
12.1424
12.1392
12.135
12.1297
12.1233
12.1159
12.1073
12.0978
12.0872
12.0755
12.0628
12.049
12.0342
12.0184
12.0016
11.9838
11.9649
11.9451
11.9243
11.9025
11.8798
11.8561
11.8314
11.8059
11.7794
11.752
11.7237
11.6946
11.6646
11.6337
11.602
11.5695
11.5362
11.5021
11.4673
11.4317
11.3953
11.3583
11.3205
11.2821
11.243
11.2032
11.1629
11.1219
11.0804
11.0383
10.9956
10.9524
10.9088
10.8646
10.8201
10.775
10.7296
10.6838
10.6376
10.5911
10.5442
10.4971
10.4497
10.402
10.3541
10.306
10.2578
10.2093
10.1608
10.1121
10.0634
10.0146
9.96579
9.91696
9.86815
9.81938
9.77068
9.72206
9.67356
9.6252
9.57701
9.529
9.4812
9.43364
9.38634
9.33932
9.2926
9.24622
9.20019
9.15454
9.10929
9.06446
9.02008
8.97616
8.93274
8.88982
8.84744
8.80562
8.76437
8.72371
8.68368
8.64428
8.60555
8.56749
8.53012
8.49348
8.45757
8.42241
8.38802
8.35442
8.32163
8.28966
8.25853
8.22826
8.19885
8.17033
8.14272
8.11601
8.09024
8.06541
8.04153
8.01862
7.99669
7.97575
7.95581
7.93688
7.91898
7.9021
7.88627
7.87149
7.85776
7.8451
7.83351
7.823
7.81356
7.80522
7.79797
7.79182
7.78677
7.78283
7.77999
7.77826
7.77763
7.77812
7.77973
7.78244
7.78626
7.79119
7.79723
7.80437
7.81261
7.82195
7.83239
7.84391
7.85652
7.87021
7.88497
7.90079
7.91767
7.9356
7.95457
7.97457
7.9956
8.01764
8.04068
8.06471
8.08972
8.1157
8.14263
8.17051
8.19931
8.22903
8.25965
8.29116
8.32354
8.35677
8.39084
8.42573
8.46142
8.4979
8.53515
8.57316
8.61189
8.65134
8.69148
8.7323
8.77377
8.81587
8.85859
8.9019
8.94578
8.99021
9.03517
9.08063
9.12657
9.17297
9.21981
9.26707
9.31471
9.36272
9.41108
9.45975
9.50871
9.55795
9.60743
9.65713
9.70703
9.7571
9.80732
9.85766
9.9081
9.9586
10.0092
10.0597
10.1103
10.1608
10.2113
10.2617
10.312
10.3622
10.4122
10.462
10.5116
10.561
10.6102
10.659
10.7076
10.7558
10.8037
10.8512
10.8982
10.9449
10.9911
11.0369
11.0821
11.1268
11.171
11.2146
11.2577
11.3001
11.3419
11.3831
11.4235
11.4633
11.5024
11.5407
11.5783
11.6152
11.6512
11.6864
11.7208
11.7544
11.7871
11.8189
11.8498
11.8798
11.9089
11.9371
11.9643
11.9905
12.0157
12.04
12.0632
12.0855
12.1067
12.1268
12.1459
12.1639
12.1809
12.1968
12.2116
12.2252
12.2378
12.2493
12.2597
12.2689
12.277
12.2839
12.2898
12.2944
12.298
12.3004
12.3016
12.3017
12.3006
12.2984
12.2951
12.2906
12.2849
12.2781
12.2702
12.2611
12.2508
12.2395
12.227
12.2134
12.1987
12.1829
12.166
12.148
12.1289
12.1087
12.0875
12.0652
12.0419
12.0175
11.9922
11.9658
11.9384
11.91
11.8807
11.8504
11.8192
11.787
11.7539
11.72
11.6851
11.6494
11.6129
11.5755
11.5374
11.4984
11.4587
11.4182
11.377
11.3351
11.2925
11.2492
11.2053
11.1607
11.1156
11.0699
11.0236
10.9768
10.9294
10.8816
10.8333
10.7846
10.7355
10.6859
10.636
10.5858
10.5352
10.4844
10.4333
10.3819
10.3303
10.2786
10.2266
10.1745
10.1223
10.0701
10.0177
9.96536
9.91298
9.86062
9.8083
9.75605
9.70389
9.65186
9.59997
9.54826
9.49675
9.44547
9.39443
9.34368
9.29322
9.2431
9.19333
9.14393
9.09494
9.04638
8.99827
8.95064
8.90351
8.8569
8.81084
8.76535
8.72046
8.67618
8.63255
8.58957
8.54728
8.5057
8.46484
8.42473
8.38539
8.34683
8.30908
8.27216
8.23608
8.20087
8.16654
8.13311
8.10059
8.06901
8.03838
8.00871
7.98003
7.95234
7.92566
7.9
7.87539
7.85182
7.82931
7.80788
7.78753
7.76828
7.75014
7.73311
7.7172
7.70243
7.68881
7.67633
7.665
7.65484
7.64584
7.63802
7.63138
7.62591
7.62163
7.61854
7.61663
7.61592
7.6164
7.61807
7.62093
7.62499
7.63023
7.63666
7.64427
7.65307
7.66305
7.67419
7.68651
7.69999
7.71463
7.73041
7.74734
7.76541
7.7846
7.8049
7.82632
7.84883
7.87243
7.89711
7.92284
7.94964
7.97746
8.00632
8.03618
8.06705
8.09889
8.1317
8.16546
8.20016
8.23577
8.27228
8.30968
8.34794
8.38704
8.42697
8.4677
8.50923
8.55152
8.59455
8.63831
8.68277
8.72791
8.77371
8.82015
8.8672
8.91484
8.96305
9.01179
9.06106
9.11082
9.16105
9.21173
9.26282
9.31431
9.36617
9.41837
9.47089
9.5237
9.57677
9.63008
9.6836
9.73731
9.79118
9.84517
9.89927
9.95345
10.0077
10.0619
10.1162
10.1704
10.2246
10.2786
10.3326
10.3864
10.4401
10.4935
10.5468
10.5998
10.6525
10.7049
10.757
10.8088
10.8601
10.9111
10.9616
11.0117
11.0613
11.1104
11.1589
11.2069
11.2544
11.3012
11.3474
11.3929
11.4378
11.482
11.5254
11.5681
11.6101
11.6513
11.6916
11.7311
11.7698
11.8077
11.8446
11.8806
11.9157
11.9499
11.9831
12.0154
12.0466
12.0769
12.1061
12.1343
12.1614
12.1874
12.2124
12.2363
12.2591
12.2807
12.3013
12.3207
12.3389
12.356
12.3719
12.3866
12.4002
12.4125
12.4237
12.4336
12.4423
12.4499
12.4562
12.4612
12.4651
12.4677
12.4691
12.4692
12.4681
12.4658
12.4622
12.4575
12.4514
12.4442
12.4357
12.426
12.4151
12.403
12.3896
12.3751
12.3594
12.3424
12.3243
12.3051
12.2846
12.2631
12.2403
12.2165
12.1915
12.1654
12.1382
12.1099
12.0806
12.0502
12.0188
11.9863
11.9529
11.9184
11.883
11.8466
11.8092
11.771
11.7318
11.6918
11.6509
11.6091
11.5665
11.5231
11.4789
11.434
11.3883
11.3419
11.2949
11.2471
11.1987
11.1497
11.1
11.0498
10.9991
10.9478
10.896
10.8438
10.7911
10.738
10.6844
10.6306
10.5763
10.5218
10.467
10.4119
10.3565
10.301
10.2453
10.1894
10.1335
10.0774
10.0212
9.96506
9.90886
9.85269
9.79656
9.7405
9.68455
9.62872
9.57305
9.51757
9.4623
9.40728
9.35252
9.29806
9.24392
9.19013
9.13672
9.08372
9.03115
8.97903
8.9274
8.87628
8.8257
8.77568
8.72624
8.67742
8.62924
8.58171
8.53487
8.48874
8.44335
8.39871
8.35484
8.31178
8.26954
8.22815
8.18762
8.14797
8.10923
8.07142
8.03455
7.99865
7.96373
7.92981
7.89691
7.86505
7.83423
7.80449
7.77582
7.74826
7.7218
7.69647
7.67228
7.64925
7.62737
7.60668
7.58716
7.56885
7.55174
7.53585
7.52118
7.50774
7.49554
7.48459
7.47489
7.46645
7.45927
7.45336
7.44872
7.44535
7.44326
7.44244
7.4429
7.44465
7.44767
7.45196
7.45754
7.46439
7.47251
7.48189
7.49254
7.50445
7.51762
7.53203
7.54768
7.56457
7.58268
7.60201
7.62255
7.64429
7.66722
7.69132
7.71659
7.74302
7.77058
7.79928
7.82909
7.86
7.892
7.92506
7.95918
7.99434
8.03052
8.0677
8.10587
8.145
8.18508
8.22608
8.268
8.3108
8.35446
8.39898
8.44431
8.49044
8.53736
8.58502
8.63342
8.68253
8.73232
8.78277
8.83385
8.88554
8.93781
8.99064
9.044
9.09787
9.15222
9.20701
9.26223
9.31785
9.37383
9.43016
9.4868
9.54372
9.6009
9.65831
9.71592
9.7737
9.83162
9.88965
9.94777
10.0059
10.0641
10.1223
10.1805
10.2386
10.2966
10.3545
10.4123
10.4698
10.5272
10.5843
10.6412
10.6978
10.754
10.8099
10.8654
10.9206
10.9752
11.0295
11.0832
11.1364
11.1891
11.2412
11.2928
11.3437
11.3939
11.4435
11.4924
11.5405
11.588
11.6346
11.6805
11.7255
11.7697
11.813
11.8555
11.897
11.9376
11.9773
12.016
12.0537
12.0904
12.1261
12.1607
12.1942
12.2267
12.2581
12.2884
12.3175
12.3455
12.3724
12.398
12.4225
12.4458
12.4679
12.4887
12.5084
12.5267
12.5438
12.5597
12.5743
12.5876
12.5996
12.6103
12.6197
12.6278
12.6347
12.6401
12.6443
12.6472
12.6487
12.6489
12.6478
12.6454
12.6416
12.6365
12.6301
12.6224
12.6133
12.603
12.5913
12.5784
12.5641
12.5486
12.5317
12.5136
12.4943
12.4736
12.4518
12.4287
12.4043
12.3788
12.352
12.3241
12.295
12.2647
12.2333
12.2007
12.167
12.1323
12.0964
12.0595
12.0215
11.9825
11.9425
11.9015
11.8595
11.8166
11.7727
11.728
11.6823
11.6358
11.5885
11.5403
11.4913
11.4416
11.3911
11.3399
11.288
11.2354
11.1822
11.1284
11.0739
11.019
10.9634
10.9074
10.8509
10.7939
10.7365
10.6787
10.6206
10.5621
10.5033
10.4442
10.3848
10.3253
10.2655
10.2056
10.1455
10.0854
10.0252
9.96489
9.90461
9.84434
9.78413
9.72399
9.66395
9.60406
9.54434
9.48481
9.42551
9.36647
9.30771
9.24927
9.19118
9.13347
9.07615
9.01927
8.96286
8.90693
8.85152
8.79666
8.74237
8.68869
8.63563
8.58323
8.53151
8.4805
8.43022
8.38071
8.33198
8.28405
8.23697
8.19074
8.14539
8.10094
8.05743
8.01486
7.97327
7.93266
7.89307
7.85452
7.81701
7.78058
7.74525
7.71102
7.67791
7.64596
7.61516
7.58554
7.55712
7.5299
7.5039
7.47914
7.45562
7.43337
7.41239
7.39269
7.37428
7.35718
7.34139
7.32693
7.31379
7.30199
7.29153
7.28242
7.27467
7.26827
7.26324
7.25957
7.25727
7.25634
7.25678
7.2586
7.26178
7.26634
7.27227
7.27956
7.28822
7.29823
7.30961
7.32233
7.3364
7.35181
7.36854
7.38661
7.40599
7.42667
7.44866
7.47193
7.49647
7.52228
7.54934
7.57764
7.60717
7.6379
7.66983
7.70295
7.73723
7.77265
7.80921
7.84689
7.88565
7.9255
7.9664
8.00834
8.05129
8.09525
8.14017
8.18605
8.23286
8.28057
8.32917
8.37863
8.42892
8.48003
8.53192
8.58457
8.63795
8.69204
8.74682
8.80224
8.8583
8.91495
8.97217
9.02994
9.08822
9.14698
9.2062
9.26585
9.32589
9.3863
9.44705
9.50811
9.56944
9.63102
9.69281
9.75479
9.81692
9.87917
9.94151
10.0039
10.0664
10.1288
10.1912
10.2535
10.3158
10.3779
10.4398
10.5016
10.5631
10.6244
10.6854
10.7461
10.8065
10.8665
10.9261
10.9852
11.0439
11.1021
11.1598
11.2169
11.2734
11.3294
11.3847
11.4393
11.4932
11.5464
11.5989
11.6506
11.7015
11.7516
11.8008
11.8492
11.8966
11.9431
11.9887
12.0333
12.0769
12.1195
12.1611
12.2016
12.241
12.2793
12.3165
12.3525
12.3874
12.4211
12.4537
12.485
12.5151
12.5439
12.5715
12.5978
12.6228
12.6466
12.669
12.6901
12.7098
12.7282
12.7453
12.761
12.7753
12.7883
12.7998
12.81
12.8188
12.8261
12.8321
12.8366
12.8397
12.8414
12.8417
12.8405
12.838
12.834
12.8286
12.8218
12.8136
12.8039
12.7929
12.7804
12.7666
12.7513
12.7347
12.7167
12.6973
12.6766
12.6545
12.6311
12.6064
12.5803
12.553
12.5243
12.4944
12.4632
12.4308
12.3971
12.3623
12.3262
12.2889
12.2505
12.2109
12.1702
12.1284
12.0856
12.0416
11.9966
11.9506
11.9036
11.8556
11.8067
11.7568
11.7061
11.6544
11.6019
11.5486
11.4945
11.4396
11.3839
11.3275
11.2705
11.2128
11.1544
11.0954
11.0359
10.9758
10.9152
10.8541
10.7926
10.7306
10.6682
10.6055
10.5424
10.479
10.4153
10.3515
10.2874
10.2231
10.1587
10.0941
10.0295
9.96488
9.90021
9.83556
9.77096
9.70644
9.64204
9.57778
9.5137
9.44983
9.38621
9.32286
9.25981
9.19711
9.13477
9.07284
9.01134
8.9503
8.88976
8.82974
8.77028
8.7114
8.65314
8.59552
8.53858
8.48234
8.42683
8.37207
8.31811
8.26495
8.21264
8.1612
8.11065
8.06102
8.01233
7.96461
7.91789
7.87219
7.82752
7.78392
7.74141
7.7
7.65973
7.6206
7.58264
7.54588
7.51032
7.47599
7.4429
7.41108
7.38053
7.35128
7.32334
7.29672
7.27144
7.24752
7.22495
7.20377
7.18397
7.16557
7.14857
7.133
7.11885
7.10613
7.09485
7.08503
7.07665
7.06973
7.06427
7.06028
7.05776
7.0567
7.05712
7.05901
7.06237
7.0672
7.0735
7.08126
7.09049
7.10118
7.11332
7.12691
7.14195
7.15842
7.17632
7.19565
7.21638
7.23852
7.26204
7.28695
7.31323
7.34086
7.36984
7.40015
7.43177
7.46469
7.4989
7.53437
7.5711
7.60905
7.64823
7.68859
7.73014
7.77283
7.81667
7.86162
7.90765
7.95476
8.00292
8.05209
8.10227
8.15342
8.20552
8.25854
8.31246
8.36725
8.42288
8.47933
8.53657
8.59457
8.6533
8.71273
8.77283
8.83358
8.89495
8.9569
9.01939
9.08242
9.14593
9.2099
9.27429
9.33909
9.40424
9.46973
9.53551
9.60156
9.66784
9.73432
9.80096
9.86774
9.93462
10.0016
10.0685
10.1355
10.2025
10.2693
10.3361
10.4027
10.4692
10.5355
10.6015
10.6673
10.7328
10.7979
10.8626
10.927
10.991
11.0544
11.1174
11.1798
11.2417
11.303
11.3637
11.4237
11.4831
11.5417
11.5996
11.6567
11.7131
11.7686
11.8232
11.877
11.9298
11.9817
12.0326
12.0826
12.1315
12.1794
12.2262
12.272
12.3166
12.3601
12.4024
12.4435
12.4835
12.5222
12.5597
12.5959
12.6309
12.6645
12.6968
12.7278
12.7575
12.7858
12.8127
12.8382
12.8623
12.885
12.9062
12.926
12.9444
12.9613
12.9767
12.9907
13.0031
13.0141
13.0235
13.0315
13.0379
13.0428
13.0462
13.0481
13.0485
13.0473
13.0446
13.0404
13.0347
13.0274
13.0187
13.0084
12.9966
12.9833
12.9685
12.9522
12.9344
12.9152
12.8945
12.8723
12.8487
12.8236
12.7971
12.7692
12.7399
12.7093
12.6772
12.6438
12.6091
12.573
12.5357
12.497
12.4571
12.4159
12.3735
12.3299
12.2851
12.2392
12.1921
12.1438
12.0945
12.0441
11.9927
11.9402
11.8868
11.8324
11.777
11.7207
11.6635
11.6055
11.5467
11.487
11.4265
11.3654
11.3035
11.2409
11.1777
11.1138
11.0494
10.9844
10.9189
10.8528
10.7864
10.7195
10.6522
10.5845
10.5165
10.4483
10.3797
10.311
10.242
10.1729
10.1037
10.0344
9.96506
9.89569
9.82633
9.75702
9.68781
9.61871
9.54977
9.48102
9.41249
9.34423
9.27625
9.20861
9.14133
9.07444
9.00798
8.94199
8.87649
8.81152
8.74711
8.6833
8.62011
8.55758
8.49575
8.43463
8.37426
8.31468
8.25591
8.19798
8.14093
8.08477
8.02955
7.97528
7.922
7.86973
7.8185
7.76834
7.71926
7.6713
7.62448
7.57883
7.53436
7.49111
7.44909
7.40832
7.36882
7.33063
7.29375
7.2582
7.22401
7.19118
7.15975
7.12972
7.10111
7.07393
7.04821
7.02394
7.00116
6.97986
6.96006
6.94177
6.925
6.90976
6.89606
6.8839
6.87329
6.86425
6.85676
6.85085
6.8465
6.84373
6.84254
6.84292
6.84489
6.84843
6.85355
6.86024
6.86851
6.87835
6.88976
6.90272
6.91724
6.93331
6.95092
6.97006
6.99073
7.01292
7.0366
7.06178
7.08845
7.11658
7.14617
7.1772
7.20965
7.24352
7.27878
7.31543
7.35343
7.39277
7.43344
7.47541
7.51867
7.56318
7.60894
7.65591
7.70409
7.75343
7.80392
7.85554
7.90825
7.96203
8.01686
8.07271
8.12955
8.18736
8.2461
8.30575
8.36627
8.42764
8.48983
8.5528
8.61653
8.68098
8.74613
8.81193
8.87836
8.94538
9.01297
9.08108
9.14969
9.21875
9.28824
9.35813
9.42836
9.49892
9.56977
9.64086
9.71217
9.78366
9.85529
9.92703
9.99885
10.0707
10.1425
10.2144
10.2861
10.3577
10.4292
10.5006
10.5717
10.6425
10.7131
10.7833
10.8532
10.9227
10.9918
11.0604
11.1285
11.1961
11.2631
11.3295
11.3953
11.4604
11.5248
11.5885
11.6515
11.7136
11.7749
11.8354
11.8949
11.9536
12.0113
12.068
12.1237
12.1784
12.232
12.2846
12.336
12.3863
12.4354
12.4833
12.53
12.5754
12.6196
12.6625
12.7041
12.7444
12.7833
12.8208
12.857
12.8917
12.925
12.9569
12.9873
13.0162
13.0436
13.0696
13.094
13.1168
13.1381
13.1579
13.1761
13.1927
13.2077
13.2211
13.233
13.2432
13.2518
13.2587
13.2641
13.2678
13.2699
13.2703
13.2692
13.2663
13.2619
13.2558
13.2481
13.2387
13.2278
13.2152
13.201
13.1852
13.1677
13.1487
13.1282
13.106
13.0823
13.057
13.0302
13.0018
12.972
12.9406
12.9077
12.8734
12.8376
12.8004
12.7618
12.7218
12.6804
12.6376
12.5935
12.548
12.5013
12.4533
