0	3.93539e+06
0.01	3.93599e+06
0.02	3.937e+06
0.03	3.93832e+06
0.04	3.93982e+06
0.05	3.94947e+06
0.06	3.99101e+06
0.07	3.99484e+06
0.08	3.99561e+06
0.09	3.99651e+06
0.1	3.99731e+06
0.11	3.99796e+06
0.12	3.99845e+06
0.13	3.99875e+06
0.14	3.99888e+06
0.15	3.99886e+06
0.16	3.99874e+06
0.17	3.99869e+06
0.18	3.86396e+06
0.19	3.86095e+06
0.2	3.86107e+06
0.21	3.86118e+06
0.22	3.86125e+06
0.23	3.8614e+06
0.24	3.86171e+06
0.25	3.86226e+06
0.26	3.86306e+06
0.27	3.86413e+06
0.28	3.86543e+06
0.29	3.86691e+06
0.3	3.86581e+06
0.31	3.71704e+06
0.32	3.71524e+06
0.33	3.71381e+06
0.34	3.71247e+06
0.35	3.71119e+06
0.36	3.70993e+06
0.37	3.70867e+06
0.38	3.70734e+06
0.39	3.70592e+06
0.4	3.70437e+06
0.41	3.70268e+06
0.42	3.70096e+06
0.43	3.70133e+06
0.44	3.72016e+06
0.45	3.71818e+06
0.46	3.71709e+06
0.47	3.71598e+06
0.48	3.7148e+06
0.49	3.71352e+06
0.5	3.71215e+06
0.51	3.71067e+06
0.52	3.70911e+06
0.53	3.70749e+06
0.54	3.70583e+06
0.55	3.70428e+06
0.56	3.50602e+06
0.57	3.50374e+06
0.58	3.50254e+06
0.59	3.50122e+06
0.6	3.49989e+06
0.61	3.49863e+06
0.62	3.49753e+06
0.63	3.49661e+06
0.64	3.49586e+06
0.65	3.49527e+06
0.66	3.4948e+06
0.67	3.49437e+06
0.68	3.49402e+06
0.69	3.29824e+06
0.7	3.29659e+06
0.71	3.29554e+06
0.72	3.29446e+06
0.73	3.29342e+06
0.74	3.29247e+06
0.75	3.29168e+06
0.76	3.29107e+06
0.77	3.29067e+06
0.78	3.29046e+06
0.79	3.29042e+06
0.8	3.29049e+06
0.81	3.29103e+06
0.82	3.27675e+06
0.83	3.2742e+06
0.84	3.27361e+06
0.85	3.27319e+06
0.86	3.27292e+06
0.87	3.26746e+06
0.88	3.26234e+06
0.89	3.25767e+06
0.9	3.25349e+06
0.91	3.24981e+06
0.92	3.24632e+06
0.93	3.243e+06
0.94	3.23993e+06
0.95	3.23724e+06
0.96	3.23462e+06
0.97	3.23229e+06
0.98	3.23028e+06
0.99	3.22854e+06
1	3.22698e+06
1.01	3.22548e+06
1.02	3.22394e+06
1.03	3.22224e+06
1.04	3.22031e+06
1.05	3.21811e+06
1.06	3.21574e+06
1.07	3.21329e+06
1.08	3.21045e+06
1.09	3.20713e+06
1.1	3.20331e+06
1.11	3.19895e+06
1.12	3.19412e+06
1.13	3.18894e+06
1.14	3.18357e+06
1.15	3.17817e+06
1.16	3.17289e+06
1.17	3.16781e+06
1.18	3.16293e+06
1.19	3.15841e+06
1.2	3.15426e+06
1.21	3.15041e+06
1.22	3.14708e+06
1.23	3.14438e+06
1.24	3.14237e+06
1.25	3.14103e+06
1.26	3.14025e+06
1.27	3.1399e+06
1.28	3.13981e+06
1.29	3.13978e+06
1.3	3.1397e+06
1.31	3.13931e+06
1.32	3.13924e+06
1.33	3.1388e+06
1.34	3.13812e+06
1.35	3.137e+06
1.36	3.13528e+06
1.37	3.13284e+06
1.38	3.12962e+06
1.39	3.12567e+06
1.4	3.12108e+06
1.41	3.11602e+06
1.42	3.11066e+06
1.43	3.10518e+06
1.44	3.09974e+06
1.45	3.09455e+06
1.46	3.08967e+06
1.47	3.08524e+06
1.48	3.08152e+06
1.49	3.0787e+06
1.5	3.0769e+06
1.51	3.07613e+06
1.52	3.07635e+06
1.53	3.0774e+06
1.54	3.07901e+06
1.55	3.08093e+06
1.56	3.08292e+06
1.57	3.08495e+06
1.58	3.0868e+06
1.59	3.08821e+06
1.6	3.08899e+06
1.61	3.08897e+06
1.62	3.08804e+06
1.63	3.08616e+06
1.64	3.08341e+06
1.65	3.07995e+06
1.66	3.07603e+06
1.67	3.07196e+06
1.68	3.06814e+06
1.69	3.0629e+06
1.7	3.0601e+06
1.71	3.05648e+06
1.72	3.05293e+06
1.73	3.04954e+06
1.74	3.04653e+06
1.75	3.04404e+06
1.76	3.04221e+06
1.77	3.04114e+06
1.78	3.04082e+06
1.79	3.04121e+06
1.8	3.04218e+06
1.81	3.04353e+06
1.82	3.04506e+06
1.83	3.04656e+06
1.84	3.04897e+06
1.85	3.05525e+06
1.86	3.05687e+06
1.87	3.05904e+06
1.88	3.06128e+06
1.89	3.06331e+06
1.9	3.06485e+06
1.91	3.06569e+06
1.92	3.06569e+06
1.93	3.06481e+06
1.94	3.06309e+06
1.95	3.06067e+06
1.96	3.05776e+06
1.97	3.05461e+06
1.98	3.05148e+06
1.99	3.0485e+06
2	3.0459e+06
2.01	3.04367e+06
2.02	3.04155e+06
2.03	3.03968e+06
2.04	3.03815e+06
2.05	3.03703e+06
2.06	3.03639e+06
2.07	3.03622e+06
2.08	3.03651e+06
2.09	3.03714e+06
2.1	3.03804e+06
2.11	3.03918e+06
2.12	3.04042e+06
2.13	3.04167e+06
2.14	3.04284e+06
2.15	3.04386e+06
2.16	3.0447e+06
2.17	3.0454e+06
2.18	3.04598e+06
2.19	3.0465e+06
2.2	3.04697e+06
2.21	3.0474e+06
2.22	3.04776e+06
2.23	3.04805e+06
2.24	3.04826e+06
2.25	3.04837e+06
2.26	3.04839e+06
2.27	3.04831e+06
2.28	3.04815e+06
2.29	3.04791e+06
2.3	3.04758e+06
2.31	3.04718e+06
2.32	3.04675e+06
2.33	3.04636e+06
2.34	3.0461e+06
2.35	3.04609e+06
2.36	3.04647e+06
2.37	3.04741e+06
2.38	3.04885e+06
2.39	3.05079e+06
2.4	3.05317e+06
2.41	3.0559e+06
2.42	3.05886e+06
2.43	3.06196e+06
2.44	3.0651e+06
2.45	3.0682e+06
2.46	3.07123e+06
2.47	3.07418e+06
2.48	3.07705e+06
2.49	3.07981e+06
2.5	3.08241e+06
2.51	3.0848e+06
2.52	3.08691e+06
2.53	3.08872e+06
2.54	3.09018e+06
2.55	3.0913e+06
2.56	3.0921e+06
2.57	3.09265e+06
2.58	3.09304e+06
2.59	3.09336e+06
2.6	3.09377e+06
2.61	3.09392e+06
2.62	3.09417e+06
2.63	3.09448e+06
2.64	3.09492e+06
2.65	3.09555e+06
2.66	3.09641e+06
2.67	3.09757e+06
2.68	3.09904e+06
2.69	3.10083e+06
2.7	3.10291e+06
2.71	3.10523e+06
2.72	3.10772e+06
2.73	3.11028e+06
2.74	3.11281e+06
2.75	3.11522e+06
2.76	3.11748e+06
2.77	3.11963e+06
2.78	3.12174e+06
2.79	3.12389e+06
2.8	3.12615e+06
2.81	3.12856e+06
2.82	3.13114e+06
2.83	3.13389e+06
2.84	3.1368e+06
2.85	3.13986e+06
2.86	3.14305e+06
2.87	3.14633e+06
2.88	3.14967e+06
2.89	3.15301e+06
2.9	3.15635e+06
2.91	3.15966e+06
2.92	3.16298e+06
2.93	3.16636e+06
2.94	3.16984e+06
2.95	3.17342e+06
2.96	3.17703e+06
2.97	3.18061e+06
2.98	3.18404e+06
2.99	3.18724e+06
3	3.19015e+06
3.01	3.19274e+06
3.02	3.19501e+06
3.03	3.19697e+06
3.04	3.19868e+06
3.05	3.20019e+06
3.06	3.20155e+06
3.07	3.20285e+06
3.08	3.20414e+06
3.09	3.20554e+06
3.1	3.20715e+06
3.11	3.21972e+06
3.12	3.21878e+06
3.13	3.2213e+06
3.14	3.2242e+06
3.15	3.2275e+06
3.16	3.23121e+06
3.17	3.23531e+06
3.18	3.23975e+06
3.19	3.24448e+06
3.2	3.24945e+06
3.21	3.25465e+06
3.22	3.26005e+06
3.23	3.26563e+06
3.24	3.27136e+06
3.25	3.27716e+06
3.26	3.28298e+06
3.27	3.28869e+06
3.28	3.29422e+06
3.29	3.29948e+06
3.3	3.30437e+06
3.31	3.30886e+06
3.32	3.30873e+06
3.33	3.30819e+06
3.34	3.30821e+06
3.35	3.32842e+06
3.36	3.32698e+06
3.37	3.32581e+06
3.38	3.37481e+06
3.39	3.37292e+06
3.4	3.37098e+06
3.41	3.36902e+06
3.42	3.36712e+06
3.43	3.36533e+06
3.44	3.36372e+06
3.45	3.36235e+06
3.46	3.36128e+06
3.47	3.36055e+06
3.48	3.36022e+06
3.49	3.36033e+06
3.5	3.36092e+06
3.51	3.36202e+06
3.52	3.36365e+06
3.53	3.36578e+06
3.54	3.36836e+06
3.55	3.37127e+06
3.56	3.37439e+06
3.57	3.37757e+06
3.58	3.38068e+06
3.59	3.38361e+06
3.6	3.38628e+06
3.61	3.38866e+06
3.62	3.39073e+06
3.63	3.39245e+06
3.64	3.39371e+06
3.65	3.39443e+06
3.66	3.39428e+06
3.67	3.39385e+06
3.68	3.39286e+06
3.69	3.3915e+06
3.7	3.38987e+06
3.71	3.38814e+06
3.72	3.38645e+06
3.73	3.38485e+06
3.74	3.38343e+06
3.75	3.38228e+06
3.76	3.38149e+06
3.77	3.38114e+06
3.78	3.37809e+06
3.79	3.37574e+06
3.8	3.37415e+06
3.81	3.37329e+06
3.82	3.37309e+06
3.83	3.37342e+06
3.84	3.37408e+06
3.85	3.37489e+06
3.86	3.37568e+06
3.87	3.37641e+06
3.88	3.37706e+06
3.89	3.37751e+06
3.9	3.37765e+06
3.91	3.3774e+06
3.92	3.37668e+06
3.93	3.37536e+06
3.94	3.37347e+06
3.95	3.37107e+06
3.96	3.36827e+06
3.97	3.36524e+06
3.98	3.36215e+06
3.99	3.35917e+06
4	3.35635e+06
4.01	3.35381e+06
4.02	3.3513e+06
4.03	3.34883e+06
4.04	3.34595e+06
4.05	3.34378e+06
4.06	3.34136e+06
4.07	3.3391e+06
4.08	3.33709e+06
4.09	3.3354e+06
4.1	3.3341e+06
4.11	3.3332e+06
4.12	3.33269e+06
4.13	3.33249e+06
4.14	3.33252e+06
4.15	3.33265e+06
4.16	3.33285e+06
4.17	3.33314e+06
4.18	3.33355e+06
4.19	3.33416e+06
4.2	3.335e+06
4.21	3.33606e+06
4.22	3.33259e+06
4.23	3.32916e+06
4.24	3.32564e+06
4.25	3.32191e+06
4.26	3.31787e+06
4.27	3.31346e+06
4.28	3.30864e+06
4.29	3.30344e+06
4.3	3.29788e+06
4.31	3.292e+06
4.32	3.28583e+06
4.33	3.2847e+06
4.34	3.27072e+06
4.35	3.26399e+06
4.36	3.25728e+06
4.37	3.25066e+06
4.38	3.24421e+06
4.39	3.23798e+06
4.4	3.23203e+06
4.41	3.22636e+06
4.42	3.22094e+06
4.43	3.21572e+06
4.44	3.21061e+06
4.45	3.20557e+06
4.46	3.20059e+06
4.47	3.19567e+06
4.48	3.19083e+06
4.49	3.1863e+06
4.5	3.18206e+06
4.51	3.17824e+06
4.52	3.17486e+06
4.53	3.17183e+06
4.54	3.16907e+06
4.55	3.16644e+06
4.56	3.16383e+06
4.57	3.16113e+06
4.58	3.15827e+06
4.59	3.15524e+06
4.6	3.15211e+06
4.61	3.149e+06
4.62	3.14587e+06
4.63	3.14265e+06
4.64	3.13926e+06
4.65	3.13561e+06
4.66	3.13165e+06
4.67	3.12735e+06
4.68	3.12273e+06
4.69	3.11783e+06
4.7	3.1127e+06
4.71	3.10738e+06
4.72	3.10198e+06
4.73	3.09654e+06
4.74	3.09109e+06
4.75	3.08576e+06
4.76	3.08063e+06
4.77	3.07566e+06
4.78	3.07128e+06
4.79	3.0671e+06
4.8	3.06328e+06
4.81	3.05986e+06
4.82	3.05683e+06
4.83	3.05418e+06
4.84	3.05187e+06
4.85	3.04984e+06
4.86	3.04803e+06
4.87	3.04642e+06
4.88	3.04777e+06
4.89	3.04955e+06
4.9	3.05149e+06
4.91	3.05347e+06
4.92	3.05526e+06
4.93	3.05425e+06
4.94	3.05369e+06
4.95	3.05234e+06
4.96	3.05019e+06
4.97	3.04736e+06
4.98	3.04325e+06
4.99	3.03925e+06
5	3.03519e+06
5.01	3.03113e+06
5.02	3.02718e+06
5.03	3.02303e+06
5.04	3.01894e+06
5.05	3.01957e+06
5.06	3.02073e+06
5.07	3.02265e+06
5.08	3.0255e+06
5.09	3.02938e+06
5.1	3.03424e+06
5.11	3.03998e+06
5.12	3.04637e+06
5.13	3.05431e+06
5.14	3.07249e+06
5.15	3.07953e+06
5.16	3.0843e+06
5.17	3.09098e+06
5.18	3.09814e+06
5.19	3.10528e+06
5.2	3.11206e+06
5.21	3.11819e+06
5.22	3.12346e+06
5.23	3.12776e+06
5.24	3.13108e+06
5.25	3.1335e+06
5.26	3.13522e+06
5.27	3.13648e+06
5.28	3.13762e+06
5.29	3.13947e+06
5.3	3.23274e+06
5.31	3.23352e+06
5.32	3.23432e+06
5.33	3.23539e+06
5.34	3.23704e+06
5.35	3.2397e+06
5.36	3.24343e+06
5.37	3.24825e+06
5.38	3.25418e+06
5.39	3.26109e+06
5.4	3.26876e+06
5.41	3.27694e+06
5.42	3.28533e+06
5.43	3.29315e+06
5.44	3.30214e+06
5.45	3.31039e+06
5.46	3.31875e+06
5.47	3.32687e+06
5.48	3.33445e+06
5.49	3.34125e+06
5.5	3.34711e+06
5.51	3.35195e+06
5.52	3.35581e+06
5.53	3.35884e+06
5.54	3.36126e+06
5.55	3.36334e+06
5.56	3.36508e+06
5.57	3.3674e+06
5.58	3.36971e+06
5.59	3.37206e+06
5.6	3.37472e+06
5.61	3.37789e+06
5.62	3.38177e+06
5.63	3.3865e+06
5.64	3.39214e+06
5.65	3.39866e+06
5.66	3.40595e+06
5.67	3.41379e+06
5.68	3.42195e+06
5.69	3.42984e+06
5.7	3.37465e+06
5.71	3.37872e+06
5.72	3.38632e+06
5.73	3.39395e+06
5.74	3.3987e+06
5.75	3.40305e+06
5.76	3.40684e+06
5.77	3.41e+06
5.78	3.41254e+06
5.79	3.41419e+06
5.8	3.41602e+06
5.81	3.41727e+06
5.82	3.4076e+06
5.83	3.39813e+06
5.84	3.38833e+06
5.85	3.38147e+06
5.86	3.37143e+06
5.87	3.36175e+06
5.88	3.35214e+06
5.89	3.34296e+06
5.9	3.33447e+06
5.91	3.32686e+06
5.92	3.32025e+06
5.93	3.31463e+06
5.94	3.30991e+06
5.95	3.3059e+06
5.96	3.30233e+06
5.97	3.29892e+06
5.98	3.29582e+06
5.99	3.27279e+06
6	3.26812e+06
6.01	3.26485e+06
6.02	3.26155e+06
6.03	3.25789e+06
6.04	3.25359e+06
6.05	3.24843e+06
6.06	3.24231e+06
6.07	3.23522e+06
6.08	3.22724e+06
6.09	3.2186e+06
6.1	3.20955e+06
6.11	3.20041e+06
6.12	3.19152e+06
6.13	3.18205e+06
6.14	3.17445e+06
6.15	3.16627e+06
6.16	3.15836e+06
6.17	3.1508e+06
6.18	3.14373e+06
6.19	3.13729e+06
6.2	3.13152e+06
6.21	3.12642e+06
6.22	3.1219e+06
6.23	3.11785e+06
6.24	3.1141e+06
6.25	3.11049e+06
6.26	3.10693e+06
6.27	3.10344e+06
6.28	3.10001e+06
6.29	3.09655e+06
6.3	3.09307e+06
6.31	3.08936e+06
6.32	3.08523e+06
6.33	3.08052e+06
6.34	3.07515e+06
6.35	3.06913e+06
6.36	3.06252e+06
6.37	3.05546e+06
6.38	3.05353e+06
6.39	3.05146e+06
6.4	3.04945e+06
6.41	3.04754e+06
6.42	3.04541e+06
6.43	3.04405e+06
6.44	3.04249e+06
6.45	3.04127e+06
6.46	3.04045e+06
6.47	3.04011e+06
6.48	3.04032e+06
6.49	3.04106e+06
6.5	3.04228e+06
6.51	3.04384e+06
6.52	3.04555e+06
6.53	3.04727e+06
6.54	3.04924e+06
6.55	3.05122e+06
6.56	3.05332e+06
6.57	3.05555e+06
6.58	3.05785e+06
6.59	3.062e+06
6.6	3.06614e+06
6.61	3.07029e+06
6.62	3.07445e+06
6.63	3.07863e+06
6.64	3.08279e+06
6.65	3.08668e+06
6.66	3.09051e+06
6.67	3.09394e+06
6.68	3.09715e+06
6.69	3.10039e+06
6.7	3.10385e+06
6.71	3.10768e+06
6.72	3.1122e+06
6.73	3.1107e+06
6.74	3.11551e+06
6.75	3.12161e+06
6.76	3.12822e+06
6.77	3.13518e+06
6.78	3.14232e+06
6.79	3.14948e+06
6.8	3.15651e+06
6.81	3.16329e+06
6.82	3.17041e+06
6.83	3.17754e+06
6.84	3.18471e+06
6.85	3.19174e+06
6.86	3.19847e+06
6.87	3.20475e+06
6.88	3.2105e+06
6.89	3.2157e+06
6.9	3.22039e+06
6.91	3.22467e+06
6.92	3.22866e+06
6.93	3.23251e+06
6.94	3.23631e+06
6.95	3.24018e+06
6.96	3.24412e+06
6.97	3.24803e+06
6.98	3.25197e+06
6.99	3.25615e+06
7	3.26058e+06
7.01	3.26541e+06
7.02	3.27073e+06
